PHONE_NUMBER
042580465
042580466
042580467
042580468
042580469
042580470
042580471
042580472
042580473
042580474
042580475
042580476
042580477
042580478
042580479
042580480
042580481
042580482
042580483
042580484
042580485
042580486
042580487
042580488
042580489
042580490
042580491
042580492
042580493
042580494
042580495
042580496
042580497
042580498
042580499
042580500
042580501
042580502
042580503
042580504
042580505
042580506
042580507
042580508
042580509
042580510
042580511
042580512
042580513
042580514
042580515
042580516
042580517
042580518
042580519
042580520
042580521
042580522
042580523
042580524
042580525
042580526
042580527
042580528
042580529
042580530
042580531
042580532
042580533
042580534
042580535
042580536
042580537
042580538
042580539
042580540
042580541
042580542
042580543
042580544
042580545
042580546
042580547
042580548
042580549
042580550
042580551
042580552
042580553
042580554
042580555
042580556
042580557
042580558
042580559
042580560
042580561
042580562
042580563
042580564
042580565
042580566
042580567
042580568
042580569
042580570
042580571
042580572
042580573
042580574
042580575
042580576
042580577
042580578
042580579
042580580
042580581
042580582
042580583
042580584
042580585
042580586
042580587
042580588
042580589
042580590
042580591
042580592
042580593
042580594
042580595
042580596
042580597
042580598
042580599
042580600
042580601
042580602
042580603
042580604
042580605
042580606
042580607
042580608
042580609
042580610
042580611
042580612
042580613
042580614
042580615
042580616
042580617
042580618
042580619
042580620
042580621
042580622
042580623
042580624
042580625
042580626
042580627
042580628
042580629
042580630
042580631
042580632
042580633
042580634
042580635
042580636
042580637
042580638
042580639
042580640
042580641
042580642
042580643
042580644
042580645
042580646
042580647
042580648
042580649
042580650
042580651
042580652
042580653
042580654
042580655
042580656
042580657
042580658
042580659
042580660
042580661
042580662
042580663
042580664
042580665
042580666
042580667
042580668
042580669
042580670
042580671
042580672
042580673
042580674
042580675
042580676
042580677
042580678
042580679
042580680
042580681
042580682
042580683
042580684
042580685
042580686
042580687
042580688
042580689
042580690
042580691
042580692
042580693
042580694
042580695
042580696
042580697
042580698
042580699
042580700
042580701
042580702
042580703
042580704
042580705
042580706
042580707
042580708
042580709
042580710
042580711
042580712
042580713
042580714
042580715
042580716
042580717
042580718
042580719
042580720
042580721
042580722
042580723
042580724
042580725
042580726
042580727
042580728
042580729
042580730
042580731
042580732
042580733
042580734
042580735
042580736
042580737
042580738
042580739
042580740
042580741
042580742
042580743
042580744
042580745
042580746
042580747
042580748
042580749
042580750
042580751
042580752
042580753
042580754
042580755
042580756
042580757
042580758
042580759
042580760
042580761
042580762
042580763
042580764
042580765
042580766
042580767
042580768
042580769
042580770
042580771
042580772
042580773
042580774
042580775
042580776
042580777
042580778
042580779
042580780
042580781
042580782
042580783
042580784
042580785
042580786
042580787
042580788
042580789
042580790
042580791
042580792
042580793
042580794
042580795
042580796
042580797
042580798
042580799
042580800
042580801
042580802
042580803
042580804
042580805
042580806
042580807
042580808
042580809
042580810
042580811
042580812
042580813
042580814
042580815
042580816
042580817
042580818
042580819
042580820
042580821
042580822
042580823
042580824
042580825
042580826
042580827
042580828
042580829
042580830
042580831
042580832
042580833
042580834
042580835
042580836
042580837
042580838
042580839
042580840
042580841
042580842
042580843
042580844
042580845
042580846
042580847
042580848
042580849
042580850
042580851
042580852
042580853
042580854
042580855
042580856
042580857
042580858
042580859
042580860
042580861
042580862
042580863
042580864
042580865
042580866
042580867
042580868
042580869
042580870
042580871
042580872
042580873
042580874
042580875
042580876
042580877
042580878
042580879
042580880
042580881
042580882
042580883
042580884
042580885
042580886
042580887
042580888
042580889
042580890
042580891
042580892
042580893
042580894
042580895
042580896
042580897
042580898
042580899
042580900
042580901
042580902
042580903
042580904
042580905
042580906
042580907
042580908
042580909
042580910
042580911
042580912
042580913
042580914
042580915
042580916
042580917
042580918
042580919
042580920
042580921
042580922
042580923
042580924
042580925
042580926
042580927
042580928
042580929
042580930
042580931
042580932
042580933
042580934
042580935
042580936
042580937
042580938
042580939
042580940
042580941
042580942
042580943
042580944
042580945
042580946
042580947
042580948
042580949
042580950
042580951
042580952
042580953
042580954
042580955
042580956
042580957
042580958
042580959
042580960
042580961
042580962
042580963
042580964
042580965
042580966
042580967
042580968
042580969
042580970
042580971
042580972
042580973
042580974
042580975
042580976
042580977
042580978
042580979
042580980
042580981
042580982
042580983
042580984
042580985
042580986
042580987
042580988
042580989
042580990
042580991
042580992
042580993
042580994
042580995
042580996
042580997
042580998
042580999
042581000
042581001
042581002
042581003
042581004
042581005
042581006
042581007
042581008
042581009
042581010
042581011
042581012
042581013
042581014
042581015
042581016
042581017
042581018
042581019
042581020
042581021
042581022
042581023
042581024
042581025
042581026
042581027
042581028
042581029
042581030
042581031
042581032
042581033
042581034
042581035
042581036
042581037
042581038
042581039
042581040
042581041
042581042
042581043
042581044
042581045
042581046
042581047
042581048
042581049
042581050
042581051
042581052
042581053
042581054
042581055
042581056
042581057
042581058
042581059
042581060
042581061
042581062
042581063
042581064
042581065
042581066
042581067
042581068
042581069
042581070
042581071
042581072
042581073
042581074
042581075
042581076
042581077
042581078
042581079
042581080
042581081
042581082
042581083
042581084
042581085
042581086
042581087
042581088
042581089
042581090
042581091
042581092
042581093
042581094
042581095
042581096
042581097
042581098
042581099
042581100
042581101
042581102
042581103
042581104
042581105
042581106
042581107
042581108
042581109
042581110
042581111
042581112
042581113
042581114
042581115
042581116
042581117
042581118
042581119
042581120
042581121
042581122
042581123
042581124
042581125
042581126
042581127
042581128
042581129
042581130
042581131
042581132
042581133
042581134
042581135
042581136
042581137
042581138
042581139
042581140
042581141
042581142
042581143
042581144
042581145
042581146
042581147
042581148
042581149
042581150
042581151
042581152
042581153
042581154
042581155
042581156
042581157
042581158
042581159
042581160
042581161
042581162
042581163
042581164
042581165
042581166
042581167
042581168
042581169
042581170
042581171
042581172
042581173
042581174
042581175
042581176
042581177
042581178
042581179
042581180
042581181
042581182
042581183
042581184
042581185
042581186
042581187
042581188
042581189
042581190
042581191
042581192
042581193
042581194
042581195
042581196
042581197
042581198
042581199
042581200
042581201
042581202
042581203
042581204
042581205
042581206
042581207
042581208
042581209
042581210
042581211
042581212
042581213
042581214
042581215
042581216
042581217
042581218
042581219
042581220
042581221
042581222
042581223
042581224
042581225
042581226
042581227
042581228
042581229
042581230
042581231
042581232
042581233
042581234
042581235
042581236
042581237
042581238
042581239
042581240
042581241
042581242
042581243
042581244
042581245
042581246
042581247
042581248
042581249
042581250
042581251
042581252
042581253
042581254
042581255
042581256
042581257
042581258
042581259
042581260
042581261
042581262
042581263
042581264
042581265
042581266
042581267
042581268
042581269
042581270
042581271
042581272
042581273
042581274
042581275
042581276
042581277
042581278
042581279
042581280
042581281
042581282
042581283
042581284
042581285
042581286
042581287
042581288
042581289
042581290
042581291
042581292
042581293
042581294
042581295
042581296
042581297
042581298
042581299
042581300
042581301
042581302
042581303
042581304
042581305
042581306
042581307
042581308
042581309
042581310
042581311
042581312
042581313
042581314
042581315
042581316
042581317
042581318
042581319
042581320
042581321
042581322
042581323
042581324
042581325
042581326
042581327
042581328
042581329
042581330
042581331
042581332
042581333
042581334
042581335
042581336
042581337
042581338
042581339
042581340
042581341
042581342
042581343
042581344
042581345
042581346
042581347
042581348
042581349
042581350
042581351
042581352
042581353
042581354
042581355
042581356
042581357
042581358
042581359
042581360
042581361
042581362
042581363
042581364
042581365
042581366
042581367
042581368
042581369
042581370
042581371
042581372
042581373
042581374
042581375
042581376
042581377
042581378
042581379
042581380
042581381
042581382
042581383
042581384
042581385
042581386
042581387
042581388
042581389
042581390
042581391
042581392
042581393
042581394
042581395
042581396
042581397
042581398
042581399
042581400
042581401
042581402
042581403
042581404
042581405
042581406
042581407
042581408
042581409
042581410
042581411
042581412
042581413
042581414
042581415
042581416
042581417
042581418
042581419
042581420
042581421
042581422
042581423
042581424
042581425
042581426
042581427
042581428
042581429
042581430
042581431
042581432
042581433
042581434
042581435
042581436
042581437
042581438
042581439
042581440
042581441
042581442
042581443
042581444
042581445
042581446
042581447
042581448
042581449
042581450
042581451
042581452
042581453
042581454
042581455
042581456
042581457
042581458
042581459
042581460
042581461
042581462
042581463
042581464
042581465
042581466
042581467
042581468
042581469
042581470
042581471
042581472
042581473
042581474
042581475
042581476
042581477
042581478
042581479
042581480
042581481
042581482
042581483
042581484
042581485
042581486
042581487
042581488
042581489
042581490
042581491
042581492
042581493
042581494
042581495
042581496
042581497
042581498
042581499
042581500
042581501
042581502
042581503
042581504
042581505
042581506
042581507
042581508
042581509
042581510
042581511
042581512
042581513
042581514
042581515
042581516
042581517
042581518
042581519
042581520
042581521
042581522
042581523
042581524
042581525
042581526
042581527
042581528
042581529
042581530
042581531
042581532
042581533
042581534
042581535
042581536
042581537
042581538
042581539
042581540
042581541
042581542
042581543
042581544
042581545
042581546
042581547
042581548
042581549
042581550
042581551
042581552
042581553
042581554
042581555
042581556
042581557
042581558
042581559
042581560
042581561
042581562
042581563
042581564
042581565
042581566
042581567
042581568
042581569
042581570
042581571
042581572
042581573
042581574
042581575
042581576
042581577
042581578
042581579
042581580
042581581
042581582
042581583
042581584
042581585
042581586
042581587
042581588
042581589
042581590
042581591
042581592
042581593
042581594
042581595
042581596
042581597
042581598
042581599
042581600
042581601
042581602
042581603
042581604
042581605
042581606
042581607
042581608
042581609
042581610
042581611
042581612
042581613
042581614
042581615
042581616
042581617
042581618
042581619
042581620
042581621
042581622
042581623
042581624
042581625
042581626
042581627
042581628
042581629
042581630
042581631
042581632
042581633
042581634
042581635
042581636
042581637
042581638
042581639
042581640
042581641
042581642
042581643
042581644
042581645
042581646
042581647
042581648
042581649
042581650
042581651
042581652
042581653
042581654
042581655
042581656
042581657
042581658
042581659
042581660
042581661
042581662
042581663
042581664
042581665
042581666
042581667
042581668
042581669
042581670
042581671
042581672
042581673
042581674
042581675
042581676
042581677
042581678
042581679
042581680
042581681
042581682
042581683
042581684
042581685
042581686
042581687
042581688
042581689
042581690
042581691
042581692
042581693
042581694
042581695
042581696
042581697
042581698
042581699
042581700
042581701
042581702
042581703
042581704
042581705
042581706
042581707
042581708
042581709
042581710
042581711
042581712
042581713
042581714
042581715
042581716
042581717
042581718
042581719
042581720
042581721
042581722
042581723
042581724
042581725
042581726
042581727
042581728
042581729
042581730
042581731
042581732
042581733
042581734
042581735
042581736
042581737
042581738
042581739
042581740
042581741
042581742
042581743
042581744
042581745
042581746
042581747
042581748
042581749
042581750
042581751
042581752
042581753
042581754
042581755
042581756
042581757
042581758
042581759
042581760
042581761
042581762
042581763
042581764
042581765
042581766
042581767
042581768
042581769
042581770
042581771
042581772
042581773
042581774
042581775
042581776
042581777
042581778
042581779
042581780
042581781
042581782
042581783
042581784
042581785
042581786
042581787
042581788
042581789
042581790
042581791
042581792
042581793
042581794
042581795
042581796
042581797
042581798
042581799
042581800
042581801
042581802
042581803
042581804
042581805
042581806
042581807
042581808
042581809
042581810
042581811
042581812
042581813
042581814
042581815
042581816
042581817
042581818
042581819
042581820
042581821
042581822
042581823
042581824
042581825
042581826
042581827
042581828
042581829
042581830
042581831
042581832
042581833
042581834
042581835
042581836
042581837
042581838
042581839
042581840
042581841
042581842
042581843
042581844
042581845
042581846
042581847
042581848
042581849
042581850
042581851
042581852
042581853
042581854
042581855
042581856
042581857
042581858
042581859
042581860
042581861
042581862
042581863
042581864
042581865
042581866
042581867
042581868
042581869
042581870
042581871
042581872
042581873
042581874
042581875
042581876
042581877
042581878
042581879
042581880
042581881
042581882
042581883
042581884
042581885
042581886
042581887
042581888
042581889
042581890
042581891
042581892
042581893
042581894
042581895
042581896
042581897
042581898
042581899
042581900
042581901
042581902
042581903
042581904
042581905
042581906
042581907
042581908
042581909
042581910
042581911
042581912
042581913
042581914
042581915
042581916
042581917
042581918
042581919
042581920
042581921
042581922
042581923
042581924
042581925
042581926
042581927
042581928
042581929
042581930
042581931
042581932
042581933
042581934
042581935
042581936
042581937
042581938
042581939
042581940
042581941
042581942
042581943
042581944
042581945
042581946
042581947
042581948
042581949
042581950
042581951
042581952
042581953
042581954
042581955
042581956
042581957
042581958
042581959
042581960
042581961
042581962
042581963
042581964
042581965
042581966
042581967
042581968
042581969
042581970
042581971
042581972
042581973
042581974
042581975
042581976
042581977
042581978
042581979
042581980
042581981
042581982
042581983
042581984
042581985
042581986
042581987
042581988
042581989
042581990
042581991
042581992
042581993
042581994
042581995
042581996
042581997
042581998
042581999
042582000
042582001
042582002
042582003
042582004
042582005
042582006
042582007
042582008
042582009
042582010
042582011
042582012
042582013
042582014
042582015
042582016
042582017
042582018
042582019
042582020
042582021
042582022
042582023
042582024
042582025
042582026
042582027
042582028
042582029
042582030
042582031
042582032
042582033
042582034
042582035
042582036
042582037
042582038
042582039
042582040
042582041
042582042
042582043
042582044
042582045
042582046
042582047
042582048
042582049
042582050
042582051
042582052
042582053
042582054
042582055
042582056
042582057
042582058
042582059
042582060
042582061
042582062
042582063
042582064
042582065
042582066
042582067
042582068
042582069
042582070
042582071
042582072
042582073
042582074
042582075
042582076
042582077
042582078
042582079
042582080
042582081
042582082
042582083
042582084
042582085
042582086
042582087
042582088
042582089
042582090
042582091
042582092
042582093
042582094
042582095
042582096
042582097
042582098
042582099
042582100
042582101
042582102
042582103
042582104
042582105
042582106
042582107
042582108
042582109
042582110
042582111
042582112
042582113
042582114
042582115
042582116
042582117
042582118
042582119
042582120
042582121
042582122
042582123
042582124
042582125
042582126
042582127
042582128
042582129
042582130
042582131
042582132
042582133
042582134
042582135
042582136
042582137
042582138
042582139
042582140
042582141
042582142
042582143
042582144
042582145
042582146
042582147
042582148
042582149
042582150
042582151
042582152
042582153
042582154
042582155
042582156
042582157
042582158
042582159
042582160
042582161
042582162
042582163
042582164
042582165
042582166
042582167
042582168
042582169
042582170
042582171
042582172
042582173
042582174
042582175
042582176
042582177
042582178
042582179
042582180
042582181
042582182
042582183
042582184
042582185
042582186
042582187
042582188
042582189
042582190
042582191
042582192
042582193
042582194
042582195
042582196
042582197
042582198
042582199
042582200
042582201
042582202
042582203
042582204
042582205
042582206
042582207
042582208
042582209
042582210
042582211
042582212
042582213
042582214
042582215
042582216
042582217
042582218
042582219
042582220
042582221
042582222
042582223
042582224
042582225
042582226
042582227
042582228
042582229
042582230
042582231
042582232
042582233
042582234
042582235
042582236
042582237
042582238
042582239
042582240
042582241
042582242
042582243
042582244
042582245
042582246
042582247
042582248
042582249
042582250
042582251
042582252
042582253
042582254
042582255
042582256
042582257
042582258
042582259
042582260
042582261
042582262
042582263
042582264
042582265
042582266
042582267
042582268
042582269
042582270
042582271
042582272
042582273
042582274
042582275
042582276
042582277
042582278
042582279
042582280
042582281
042582282
042582283
042582284
042582285
042582286
042582287
042582288
042582289
042582290
042582291
042582292
042582293
042582294
042582295
042582296
042582297
042582298
042582299
042582300
042582301
042582302
042582303
042582304
042582305
042582306
042582307
042582308
042582309
042582310
042582311
042582312
042582313
042582314
042582315
042582316
042582317
042582318
042582319
042582320
042582321
042582322
042582323
042582324
042582325
042582326
042582327
042582328
042582329
042582330
042582331
042582332
042582333
042582334
042582335
042582336
042582337
042582338
042582339
042582340
042582341
042582342
042582343
042582344
042582345
042582346
042582347
042582348
042582349
042582350
042582351
042582352
042582353
042582354
042582355
042582356
042582357
042582358
042582359
042582360
042582361
042582362
042582363
042582364
042582365
042582366
042582367
042582368
042582369
042582370
042582371
042582372
042582373
042582374
042582375
042582376
042582377
042582378
042582379
042582380
042582381
042582382
042582383
042582384
042582385
042582386
042582387
042582388
042582389
042582390
042582391
042582392
042582393
042582394
042582395
042582396
042582397
042582398
042582399
042582400
042582401
042582402
042582403
042582404
042582405
042582406
042582407
042582408
042582409
042582410
042582411
042582412
042582413
042582414
042582415
042582416
042582417
042582418
042582419
042582420
042582421
042582422
042582423
042582424
042582425
042582426
042582427
042582428
042582429
042582430
042582431
042582432
042582433
042582434
042582435
042582436
042582437
042582438
042582439
042582440
042582441
042582442
042582443
042582444
042582445
042582446
042582447
042582448
042582449
042582450
042582451
042582452
042582453
042582454
042582455
042582456
042582457
042582458
042582459
042582460
042582461
042582462
042582463
042582464
042582465
042582466
042582467
042582468
042582469
042582470
042582471
042582472
042582473
042582474
042582475
042582476
042582477
042582478
042582479
042582480
042582481
042582482
042582483
042582484
042582485
042582486
042582487
042582488
042582489
042582490
042582491
042582492
042582493
042582494
042582495
042582496
042582497
042582498
042582499
042582500
042582501
042582502
042582503
042582504
042582505
042582506
042582507
042582508
042582509
042582510
042582511
042582512
042582513
042582514
042582515
042582516
042582517
042582518
042582519
042582520
042582521
042582522
042582523
042582524
042582525
042582526
042582527
042582528
042582529
042582530
042582531
042582532
042582533
042582534
042582535
042582536
042582537
042582538
042582539
042582540
042582541
042582542
042582543
042582544
042582545
042582546
042582547
042582548
042582549
042582550
042582551
042582552
042582553
042582554
042582555
042582556
042582557
042582558
042582559
042582560
042582561
042582562
042582563
042582564
042582565
042582566
042582567
042582568
042582569
042582570
042582571
042582572
042582573
042582574
042582575
042582576
042582577
042582578
042582579
042582580
042582581
042582582
042582583
042582584
042582585
042582586
042582587
042582588
042582589
042582590
042582591
042582592
042582593
042582594
042582595
042582596
042582597
042582598
042582599
042582600
042582601
042582602
042582603
042582604
042582605
042582606
042582607
042582608
042582609
042582610
042582611
042582612
042582613
042582614
042582615
042582616
042582617
042582618
042582619
042582620
042582621
042582622
042582623
042582624
042582625
042582626
042582627
042582628
042582629
042582630
042582631
042582632
042582633
042582634
042582635
042582636
042582637
042582638
042582639
042582640
042582641
042582642
042582643
042582644
042582645
042582646
042582647
042582648
042582649
042582650
042582651
042582652
042582653
042582654
042582655
042582656
042582657
042582658
042582659
042582660
042582661
042582662
042582663
042582664
042582665
042582666
042582667
042582668
042582669
042582670
042582671
042582672
042582673
042582674
042582675
042582676
042582677
042582678
042582679
042582680
042582681
042582682
042582683
042582684
042582685
042582686
042582687
042582688
042582689
042582690
042582691
042582692
042582693
042582694
042582695
042582696
042582697
042582698
042582699
042582700
042582701
042582702
042582703
042582704
042582705
042582706
042582707
042582708
042582709
042582710
042582711
042582712
042582713
042582714
042582715
042582716
042582717
042582718
042582719
042582720
042582721
042582722
042582723
042582724
042582725
042582726
042582727
042582728
042582729
042582730
042582731
042582732
042582733
042582734
042582735
042582736
042582737
042582738
042582739
042582740
042582741
042582742
042582743
042582744
042582745
042582746
042582747
042582748
042582749
042582750
042582751
042582752
042582753
042582754
042582755
042582756
042582757
042582758
042582759
042582760
042582761
042582762
042582763
042582764
042582765
042582766
042582767
042582768
042582769
042582770
042582771
042582772
042582773
042582774
042582775
042582776
042582777
042582778
042582779
042582780
042582781
042582782
042582783
042582784
042582785
042582786
042582787
042582788
042582789
042582790
042582791
042582792
042582793
042582794
042582795
042582796
042582797
042582798
042582799
042582800
042582801
042582802
042582803
042582804
042582805
042582806
042582807
042582808
042582809
042582810
042582811
042582812
042582813
042582814
042582815
042582816
042582817
042582818
042582819
042582820
042582821
042582822
042582823
042582824
042582825
042582826
042582827
042582828
042582829
042582830
042582831
042582832
042582833
042582834
042582835
042582836
042582837
042582838
042582839
042582840
042582841
042582842
042582843
042582844
042582845
042582846
042582847
042582848
042582849
042582850
042582851
042582852
042582853
042582854
042582855
042582856
042582857
042582858
042582859
042582860
042582861
042582862
042582863
042582864
042582865
042582866
042582867
042582868
042582869
042582870
042582871
042582872
042582873
042582874
042582875
042582876
042582877
042582878
042582879
042582880
042582881
042582882
042582883
042582884
042582885
042582886
042582887
042582888
042582889
042582890
042582891
042582892
042582893
042582894
042582895
042582896
042582897
042582898
042582899
042582900
042582901
042582902
042582903
042582904
042582905
042582906
042582907
042582908
042582909
042582910
042582911
042582912
042582913
042582914
042582915
042582916
042582917
042582918
042582919
042582920
042582921
042582922
042582923
042582924
042582925
042582926
042582927
042582928
042582929
042582930
042582931
042582932
042582933
042582934
042582935
042582936
042582937
042582938
042582939
042582940
042582941
042582942
042582943
042582944
042582945
042582946
042582947
042582948
042582949
042582950
042582951
042582952
042582953
042582954
042582955
042582956
042582957
042582958
042582959
042582960
042582961
042582962
042582963
042582964
042582965
042582966
042582967
042582968
042582969
042582970
042582971
042582972
042582973
042582974
042582975
042582976
042582977
042582978
042582979
042582980
042582981
042582982
042582983
042582984
042582985
042582986
042582987
042582988
042582989
042582990
042582991
042582992
042582993
042582994
042582995
042582996
042582997
042582998
042582999
042583000
042583001
042583002
042583003
042583004
042583005
042583006
042583007
042583008
042583009
042583010
042583011
042583012
042583013
042583014
042583015
042583016
042583017
042583018
042583019
042583020
042583021
042583022
042583023
042583024
042583025
042583026
042583027
042583028
042583029
042583030
042583031
042583032
042583033
042583034
042583035
042583036
042583037
042583038
042583039
042583040
042583041
042583042
042583043
042583044
042583045
042583046
042583047
042583048
042583049
042583050
042583051
042583052
042583053
042583054
042583055
042583056
042583057
042583058
042583059
042583060
042583061
042583062
042583063
042583064
042583065
042583066
042583067
042583068
042583069
042583070
042583071
042583072
042583073
042583074
042583075
042583076
042583077
042583078
042583079
042583080
042583081
042583082
042583083
042583084
042583085
042583086
042583087
042583088
042583089
042583090
042583091
042583092
042583093
042583094
042583095
042583096
042583097
042583098
042583099
042583100
042583101
042583102
042583103
042583104
042583105
042583106
042583107
042583108
042583109
042583110
042583111
042583112
042583113
042583114
042583115
042583116
042583117
042583118
042583119
042583120
042583121
042583122
042583123
042583124
042583125
042583126
042583127
042583128
042583129
042583130
042583131
042583132
042583133
042583134
042583135
042583136
042583137
042583138
042583139
042583140
042583141
042583142
042583143
042583144
042583145
042583146
042583147
042583148
042583149
042583150
042583151
042583152
042583153
042583154
042583155
042583156
042583157
042583158
042583159
042583160
042583161
042583162
042583163
042583164
042583165
042583166
042583167
042583168
042583169
042583170
042583171
042583172
042583173
042583174
042583175
042583176
042583177
042583178
042583179
042583180
042583181
042583182
042583183
042583184
042583185
042583186
042583187
042583188
042583189
042583190
042583191
042583192
042583193
042583194
042583195
042583196
042583197
042583198
042583199
042583200
042583201
042583202
042583203
042583204
042583205
042583206
042583207
042583208
042583209
042583210
042583211
042583212
042583213
042583214
042583215
042583216
042583217
042583218
042583219
042583220
042583221
042583222
042583223
042583224
042583225
042583226
042583227
042583228
042583229
042583230
042583231
042583232
042583233
042583234
042583235
042583236
042583237
042583238
042583239
042583240
042583241
042583242
042583243
042583244
042583245
042583246
042583247
042583248
042583249
042583250
042583251
042583252
042583253
042583254
042583255
042583256
042583257
042583258
042583259
042583260
042583261
042583262
042583263
042583264
042583265
042583266
042583267
042583268
042583269
042583270
042583271
042583272
042583273
042583274
042583275
042583276
042583277
042583278
042583279
042583280
042583281
042583282
042583283
042583284
042583285
042583286
042583287
042583288
042583289
042583290
042583291
042583292
042583293
042583294
042583295
042583296
042583297
042583298
042583299
042583300
042583301
042583302
042583303
042583304
042583305
042583306
042583307
042583308
042583309
042583310
042583311
042583312
042583313
042583314
042583315
042583316
042583317
042583318
042583319
042583320
042583321
042583322
042583323
042583324
042583325
042583326
042583327
042583328
042583329
042583330
042583331
042583332
042583333
042583334
042583335
042583336
042583337
042583338
042583339
042583340
042583341
042583342
042583343
042583344
042583345
042583346
042583347
042583348
042583349
042583350
042583351
042583352
042583353
042583354
042583355
042583356
042583357
042583358
042583359
042583360
042583361
042583362
042583363
042583364
042583365
042583366
042583367
042583368
042583369
042583370
042583371
042583372
042583373
042583374
042583375
042583376
042583377
042583378
042583379
042583380
042583381
042583382
042583383
042583384
042583385
042583386
042583387
042583388
042583389
042583390
042583391
042583392
042583393
042583394
042583395
042583396
042583397
042583398
042583399
042583400
042583401
042583402
042583403
042583404
042583405
042583406
042583407
042583408
042583409
042583410
042583411
042583412
042583413
042583414
042583415
042583416
042583417
042583418
042583419
042583420
042583421
042583422
042583423
042583424
042583425
042583426
042583427
042583428
042583429
042583430
042583431
042583432
042583433
042583434
042583435
042583436
042583437
042583438
042583439
042583440
042583441
042583442
042583443
042583444
042583445
042583446
042583447
042583448
042583449
042583450
042583451
042583452
042583453
042583454
042583455
042583456
042583457
042583458
042583459
042583460
042583461
042583462
042583463
042583464
042583465
042583466
042583467
042583468
042583469
042583470
042583471
042583472
042583473
042583474
042583475
042583476
042583477
042583478
042583479
042583480
042583481
042583482
042583483
042583484
042583485
042583486
042583487
042583488
042583489
042583490
042583491
042583492
042583493
042583494
042583495
042583496
042583497
042583498
042583499
042583500
042583501
042583502
042583503
042583504
042583505
042583506
042583507
042583508
042583509
042583510
042583511
042583512
042583513
042583514
042583515
042583516
042583517
042583518
042583519
042583520
042583521
042583522
042583523
042583524
042583525
042583526
042583527
042583528
042583529
042583530
042583531
042583532
042583533
042583534
042583535
042583536
042583537
042583538
042583539
042583540
042583541
042583542
042583543
042583544
042583545
042583546
042583547
042583548
042583549
042583550
042583551
042583552
042583553
042583554
042583555
042583556
042583557
042583558
042583559
042583560
042583561
042583562
042583563
042583564
042583565
042583566
042583567
042583568
042583569
042583570
042583571
042583572
042583573
042583574
042583575
042583576
042583577
042583578
042583579
042583580
042583581
042583582
042583583
042583584
042583585
042583586
042583587
042583588
042583589
042583590
042583591
042583592
042583593
042583594
042583595
042583596
042583597
042583598
042583599
042583600
042583601
042583602
042583603
042583604
042583605
042583606
042583607
042583608
042583609
042583610
042583611
042583612
042583613
042583614
042583615
042583616
042583617
042583618
042583619
042583620
042583621
042583622
042583623
042583624
042583625
042583626
042583627
042583628
042583629
042583630
042583631
042583632
042583633
042583634
042583635
042583636
042583637
042583638
042583639
042583640
042583641
042583642
042583643
042583644
042583645
042583646
042583647
042583648
042583649
042583650
042583651
042583652
042583653
042583654
042583655
042583656
042583657
042583658
042583659
042583660
042583661
042583662
042583663
042583664
042583665
042583666
042583667
042583668
042583669
042583670
042583671
042583672
042583673
042583674
042583675
042583676
042583677
042583678
042583679
042583680
042583681
042583682
042583683
042583684
042583685
042583686
042583687
042583688
042583689
042583690
042583691
042583692
042583693
042583694
042583695
042583696
042583697
042583698
042583699
042583700
042583701
042583702
042583703
042583704
042583705
042583706
042583707
042583708
042583709
042583710
042583711
042583712
042583713
042583714
042583715
042583716
042583717
042583718
042583719
042583720
042583721
042583722
042583723
042583724
042583725
042583726
042583727
042583728
042583729
042583730
042583731
042583732
042583733
042583734
042583735
042583736
042583737
042583738
042583739
042583740
042583741
042583742
042583743
042583744
042583745
042583746
042583747
042583748
042583749
042583750
042583751
042583752
042583753
042583754
042583755
042583756
042583757
042583758
042583759
042583760
042583761
042583762
042583763
042583764
042583765
042583766
042583767
042583768
042583769
042583770
042583771
042583772
042583773
042583774
042583775
042583776
042583777
042583778
042583779
042583780
042583781
042583782
042583783
042583784
042583785
042583786
042583787
042583788
042583789
042583790
042583791
042583792
042583793
042583794
042583795
042583796
042583797
042583798
042583799
042583800
042583801
042583802
042583803
042583804
042583805
042583806
042583807
042583808
042583809
042583810
042583811
042583812
042583813
042583814
042583815
042583816
042583817
042583818
042583819
042583820
042583821
042583822
042583823
042583824
042583825
042583826
042583827
042583828
042583829
042583830
042583831
042583832
042583833
042583834
042583835
042583836
042583837
042583838
042583839
042583840
042583841
042583842
042583843
042583844
042583845
042583846
042583847
042583848
042583849
042583850
042583851
042583852
042583853
042583854
042583855
042583856
042583857
042583858
042583859
042583860
042583861
042583862
042583863
042583864
042583865
042583866
042583867
042583868
042583869
042583870
042583871
042583872
042583873
042583874
042583875
042583876
042583877
042583878
042583879
042583880
042583881
042583882
042583883
042583884
042583885
042583886
042583887
042583888
042583889
042583890
042583891
042583892
042583893
042583894
042583895
042583896
042583897
042583898
042583899
042583900
042583901
042583902
042583903
042583904
042583905
042583906
042583907
042583908
042583909
042583910
042583911
042583912
042583913
042583914
042583915
042583916
042583917
042583918
042583919
042583920
042583921
042583922
042583923
042583924
042583925
042583926
042583927
042583928
042583929
042583930
042583931
042583932
042583933
042583934
042583935
042583936
042583937
042583938
042583939
042583940
042583941
042583942
042583943
042583944
042583945
042583946
042583947
042583948
042583949
042583950
042583951
042583952
042583953
042583954
042583955
042583956
042583957
042583958
042583959
042583960
042583961
042583962
042583963
042583964
042583965
042583966
042583967
042583968
042583969
042583970
042583971
042583972
042583973
042583974
042583975
042583976
042583977
042583978
042583979
042583980
042583981
042583982
042583983
042583984
042583985
042583986
042583987
042583988
042583989
042583990
042583991
042583992
042583993
042583994
042583995
042583996
042583997
042583998
042583999
042584000
042584001
042584002
042584003
042584004
042584005
042584006
042584007
042584008
042584009
042584010
042584011
042584012
042584013
042584014
042584015
042584016
042584017
042584018
042584019
042584020
042584021
042584022
042584023
042584024
042584025
042584026
042584027
042584028
042584029
042584030
042584031
042584032
042584033
042584034
042584035
042584036
042584037
042584038
042584039
042584040
042584041
042584042
042584043
042584044
042584045
042584046
042584047
042584048
042584049
042584050
042584051
042584052
042584053
042584054
042584055
042584056
042584057
042584058
042584059
042584060
042584061
042584062
042584063
042584064
042584065
042584066
042584067
042584068
042584069
042584070
042584071
042584072
042584073
042584074
042584075
042584076
042584077
042584078
042584079
042584080
042584081
042584082
042584083
042584084
042584085
042584086
042584087
042584088
042584089
042584090
042584091
042584092
042584093
042584094
042584095
042584096
042584097
042584098
042584099
042584100
042584101
042584102
042584103
042584104
042584105
042584106
042584107
042584108
042584109
042584110
042584111
042584112
042584113
042584114
042584115
042584116
042584117
042584118
042584119
042584120
042584121
042584122
042584123
042584124
042584125
042584126
042584127
042584128
042584129
042584130
042584131
042584132
042584133
042584134
042584135
042584136
042584137
042584138
042584139
042584140
042584141
042584142
042584143
042584144
042584145
042584146
042584147
042584148
042584149
042584150
042584151
042584152
042584153
042584154
042584155
042584156
042584157
042584158
042584159
042584160
042584161
042584162
042584163
042584164
042584165
042584166
042584167
042584168
042584169
042584170
042584171
042584172
042584173
042584174
042584175
042584176
042584177
042584178
042584179
042584180
042584181
042584182
042584183
042584184
042584185
042584186
042584187
042584188
042584189
042584190
042584191
042584192
042584193
042584194
042584195
042584196
042584197
042584198
042584199
042584200
042584201
042584202
042584203
042584204
042584205
042584206
042584207
042584208
042584209
042584210
042584211
042584212
042584213
042584214
042584215
042584216
042584217
042584218
042584219
042584220
042584221
042584222
042584223
042584224
042584225
042584226
042584227
042584228
042584229
042584230
042584231
042584232
042584233
042584234
042584235
042584236
042584237
042584238
042584239
042584240
042584241
042584242
042584243
042584244
042584245
042584246
042584247
042584248
042584249
042584250
042584251
042584252
042584253
042584254
042584255
042584256
042584257
042584258
042584259
042584260
042584261
042584262
042584263
042584264
042584265
042584266
042584267
042584268
042584269
042584270
042584271
042584272
042584273
042584274
042584275
042584276
042584277
042584278
042584279
042584280
042584281
042584282
042584283
042584284
042584285
042584286
042584287
042584288
042584289
042584290
042584291
042584292
042584293
042584294
042584295
042584296
042584297
042584298
042584299
042584300
042584301
042584302
042584303
042584304
042584305
042584306
042584307
042584308
042584309
042584310
042584311
042584312
042584313
042584314
042584315
042584316
042584317
042584318
042584319
042584320
042584321
042584322
042584323
042584324
042584325
042584326
042584327
042584328
042584329
042584330
042584331
042584332
042584333
042584334
042584335
042584336
042584337
042584338
042584339
042584340
042584341
042584342
042584343
042584344
042584345
042584346
042584347
042584348
042584349
042584350
042584351
042584352
042584353
042584354
042584355
042584356
042584357
042584358
042584359
042584360
042584361
042584362
042584363
042584364
042584365
042584366
042584367
042584368
042584369
042584370
042584371
042584372
042584373
042584374
042584375
042584376
042584377
042584378
042584379
042584380
042584381
042584382
042584383
042584384
042584385
042584386
042584387
042584388
042584389
042584390
042584391
042584392
042584393
042584394
042584395
042584396
042584397
042584398
042584399
042584400
042584401
042584402
042584403
042584404
042584405
042584406
042584407
042584408
042584409
042584410
042584411
042584412
042584413
042584414
042584415
042584416
042584417
042584418
042584419
042584420
042584421
042584422
042584423
042584424
042584425
042584426
042584427
042584428
042584429
042584430
042584431
042584432
042584433
042584434
042584435
042584436
042584437
042584438
042584439
042584440
042584441
042584442
042584443
042584444
042584445
042584446
042584447
042584448
042584449
042584450
042584451
042584452
042584453
042584454
042584455
042584456
042584457
042584458
042584459
042584460
042584461
042584462
042584463
042584464
042584465
042584466
042584467
042584468
042584469
042584470
042584471
042584472
042584473
042584474
042584475
042584476
042584477
042584478
042584479
042584480
042584481
042584482
042584483
042584484
042584485
042584486
042584487
042584488
042584489
042584490
042584491
042584492
042584493
042584494
042584495
042584496
042584497
042584498
042584499
042584500
042584501
042584502
042584503
042584504
042584505
042584506
042584507
042584508
042584509
042584510
042584511
042584512
042584513
042584514
042584515
042584516
042584517
042584518
042584519
042584520
042584521
042584522
042584523
042584524
042584525
042584526
042584527
042584528
042584529
042584530
042584531
042584532
042584533
042584534
042584535
042584536
042584537
042584538
042584539
042584540
042584541
042584542
042584543
042584544
042584545
042584546
042584547
042584548
042584549
042584550
042584551
042584552
042584553
042584554
042584555
042584556
042584557
042584558
042584559
042584560
042584561
042584562
042584563
042584564
042584565
042584566
042584567
042584568
042584569
042584570
042584571
042584572
042584573
042584574
042584575
042584576
042584577
042584578
042584579
042584580
042584581
042584582
042584583
042584584
042584585
042584586
042584587
042584588
042584589
042584590
042584591
042584592
042584593
042584594
042584595
042584596
042584597
042584598
042584599
042584600
042584601
042584602
042584603
042584604
042584605
042584606
042584607
042584608
042584609
042584610
042584611
042584612
042584613
042584614
042584615
042584616
042584617
042584618
042584619
042584620
042584621
042584622
042584623
042584624
042584625
042584626
042584627
042584628
042584629
042584630
042584631
042584632
042584633
042584634
042584635
042584636
042584637
042584638
042584639
042584640
042584641
042584642
042584643
042584644
042584645
042584646
042584647
042584648
042584649
042584650
042584651
042584652
042584653
042584654
042584655
042584656
042584657
042584658
042584659
042584660
042584661
042584662
042584663
042584664
042584665
042584666
042584667
042584668
042584669
042584670
042584671
042584672
042584673
042584674
042584675
042584676
042584677
042584678
042584679
042584680
042584681
042584682
042584683
042584684
042584685
042584686
042584687
042584688
042584689
042584690
042584691
042584692
042584693
042584694
042584695
042584696
042584697
042584698
042584699
042584700
042584701
042584702
042584703
042584704
042584705
042584706
042584707
042584708
042584709
042584710
042584711
042584712
042584713
042584714
042584715
042584716
042584717
042584718
042584719
042584720
042584721
042584722
042584723
042584724
042584725
042584726
042584727
042584728
042584729
042584730
042584731
042584732
042584733
042584734
042584735
042584736
042584737
042584738
042584739
042584740
042584741
042584742
042584743
042584744
042584745
042584746
042584747
042584748
042584749
042584750
042584751
042584752
042584753
042584754
042584755
042584756
042584757
042584758
042584759
042584760
042584761
042584762
042584763
042584764
042584765
042584766
042584767
042584768
042584769
042584770
042584771
042584772
042584773
042584774
042584775
042584776
042584777
042584778
042584779
042584780
042584781
042584782
042584783
042584784
042584785
042584786
042584787
042584788
042584789
042584790
042584791
042584792
042584793
042584794
042584795
042584796
042584797
042584798
042584799
042584800
042584801
042584802
042584803
042584804
042584805
042584806
042584807
042584808
042584809
042584810
042584811
042584812
042584813
042584814
042584815
042584816
042584817
042584818
042584819
042584820
042584821
042584822
042584823
042584824
042584825
042584826
042584827
042584828
042584829
042584830
042584831
042584832
042584833
042584834
042584835
042584836
042584837
042584838
042584839
042584840
042584841
042584842
042584843
042584844
042584845
042584846
042584847
042584848
042584849
042584850
042584851
042584852
042584853
042584854
042584855
042584856
042584857
042584858
042584859
042584860
042584861
042584862
042584863
042584864
042584865
042584866
042584867
042584868
042584869
042584870
042584871
042584872
042584873
042584874
042584875
042584876
042584877
042584878
042584879
042584880
042584881
042584882
042584883
042584884
042584885
042584886
042584887
042584888
042584889
042584890
042584891
042584892
042584893
042584894
042584895
042584896
042584897
042584898
042584899
042584900
042584901
042584902
042584903
042584904
042584905
042584906
042584907
042584908
042584909
042584910
042584911
042584912
042584913
042584914
042584915
042584916
042584917
042584918
042584919
042584920
042584921
042584922
042584923
042584924
042584925
042584926
042584927
042584928
042584929
042584930
042584931
042584932
042584933
042584934
042584935
042584936
042584937
042584938
042584939
042584940
042584941
042584942
042584943
042584944
042584945
042584946
042584947
042584948
042584949
042584950
042584951
042584952
042584953
042584954
042584955
042584956
042584957
042584958
042584959
042584960
042584961
042584962
042584963
042584964
042584965
042584966
042584967
042584968
042584969
042584970
042584971
042584972
042584973
042584974
042584975
042584976
042584977
042584978
042584979
042584980
042584981
042584982
042584983
042584984
042584985
042584986
042584987
042584988
042584989
042584990
042584991
042584992
042584993
042584994
042584995
042584996
042584997
042584998
042584999
