PHONE_NUMBER
046004494
042216418
042217801
097256522
042687205
042620162
091253366
091253366
091253366
094164065
042630792
042630792
042630792
042630792
042888693
042888693
091923456
091923456
091903027
042624892
042624892
042624892
042641600
088977695
088977695
091251407
091251407
091251407
091251407
094018777
094018777
046016088
042239534
098298974
042242621
042239534
042140095
042354150
042356429
042425882
042425882
042425882
042425882
042425882
042272637
046009970
042238044
042355148
089054656
042630750
086876759
042295589
