PHONE_NUMBER
042556344
042496307
042331857
042499244
042261585
042440813
042432531
042335046
042434746
042394285
042394291
042274687
046000706
042821937
042346851
042447084
042584831
042828900
042441235
042218108
042392794
042650174
042208918
042337487
046016448
042203569
042492108
046004494
042435931
042826910
042214628
042286246
042213701
042829562
042392127
042432758
042121336
042822199
042211861
042216418
042281186
042245253
042642735
042245924
042640713
042623416
042624838
042691700
042823419
042330081
042555925
042218678
042495283
042345912
042216805
042775231
042425550
042233862
042425809
042642969
042248613
042244205
042276352
042336077
042822193
042433405
042449096
042644376
042345993
042825203
042494256
042261685
042681855
042388100
042820113
042330936
042341468
042581823
042821321
042343536
042330185
042825195
042584659
042660214
042439757
042420852
042496628
042432570
042396657
042648322
042288114
042348384
042448609
042340265
042630836
042217711
042681855
042211659
042580715
042825861
042244992
042280891
042348665
042421900
042421640
042493247
042444926
042645972
042583267
042220565
042644449
042249868
042555926
042300066
042388234
042829238
042881760
042213169
042247357
042212993
042350670
042645588
042494035
042277689
042820271
042349862
042442669
042345013
042493923
042241383
042216147
042332127
042522704
042621074
042425914
042345195
042645096
042218019
042580943
046034607
042243524
042822293
042433463
042643182
042349986
042821640
042644357
042824253
042213772
042230119
042623657
042213934
042254443
042853640
042584019
042200268
042347475
042200402
042432814
042242808
042290718
042275237
042568081
042431189
042568081
042242376
042340658
042580362
042215639
042855309
042441975
046000876
042426081
042334558
042445630
042236131
042282946
042249443
042372402
042269030
042380149
042439887
042237154
042247484
042330226
042622260
042247754
042441404
042348527
042620181
042829222
042257157
042338323
042203971
042248200
042433346
042582079
042825029
042213692
042308472
042621814
042884825
042884233
042556082
042432120
042823338
042582980
042887123
042438313
042380048
042641661
042338478
042622943
042390790
042212591
042275571
042278191
042349973
042231144
042651515
042250152
042345419
042213562
042383519
042882448
042342538
042236089
042201731
042624086
042239470
042210504
042382421
042277531
042425851
042447064
042235215
042231633
042428637
042428617
042279761
042491777
042218631
042331376
042440326
042422083
042825912
042620573
042433167
042232102
042425478
04332919
042280878
042447979
042276860
042442300
042220995
042336097
042349881
042432810
042826898
042432277
042242762
042346145
042271912
042422856
042343526
042443402
042261123
042417755
042692843
042438260
042352645
042492791
042236332
042345762
042828032
042620159
042239420
042449271
042234081
042343486
042825767
042426735
042827646
042827978
042282051
042397429
042236414
042200426
042231771
042432366
042272974
042261682
042331467
042345416
042280192
042242252
042235338
042825655
042556878
042233918
042646940
042583318
042642666
042884316
042233339
042239180
042621543
042646161
042356439
042622487
042491611
042205000
042244865
042236121
042889515
042883228
042339010
042261617
092853452
042622312
042247553
042211751
042333318
042492082
042203707
042215237
042215296
042641931
042436272
042270866
042883693
042215198
042330586
042213761
042440698
042447828
042337819
042385396
042380489
042642629
042354076
042423949
042643287
042395342
042285463
042623817
042214350
042217469
042826534
042235601
042430908
042642442
042217641
042213657
042279720
042212735
092113066
042216427
042641174
042249410
042888209
042823166
042342036
042276186
042821065
042473005
042342493
042849010
042431192
042828274
042491744
042349275
042422281
042490170
042212242
042214068
042230750
042444876
042243568
042215654
042620099
042823695
042642643
042382950
042391937
042432013
042345925
042494150
042213254
042641943
042444813
0422108783
042826206
046012262
042215030
042206602
042386630
042827795
042211361
042437082
042449282
04421707
042447611
042344211
042426370
042210511
042393450
042332078
042498434
042346394
042393874
042122396
042621596
042213361
042820557
042331119
042427565
042351810
042611155
042331470
042434673
042422102
042335389
042341017
042258368
042887010
042490113
042330114
042423231
046013793
042207450
042641745
042210724
042245388
042430730
042238315
042213285
042366962
042351351
042583254
042219319
042821475
042212527
042275134
042448729
042345364
042421473
042382431
042338750
042888693
042645180
042621711
042497970
042394780
042348926
042497665
042434491
046037458
042621844
042647458
046013142
04279554
042621652
042820687
042494418
046016937
042455240
042278292
042236155
042825568
042258736
042822476
042445208
042335659
042278000
042343151
042355010
046016523
042580512
042582456
042430629
042350817
042643858
04274212
042213965
042497709
042334189
042332703
042828471
042449181
042434840
042383185
042215599
042242100
042494982
042331733
042431660
042495190
042647124
042214063
042644668
042388412
042210622
042230285
042825573
042349730
042270449
042201531
042622765
042854379
042498749
042284357
042684575
042200243
042330686
042256731
042820863
042424061
042825578
042353376
042231344
042648236
042337831
042448211
042493312
042232030
042242104
042438696
042820465
042644269
042241377
042236079
042247990
042441626
042241009
042851745
042347023
042445400
042276046
042349231
042470580
042446973
042073678
042442665
042221929
042213941
042449418
042434711
042378343
042583531
042442810
042643215
042430071
042333251
042349997
042827077
042433868
042446182
042622813
042824346
042494428
042254512
042443211
042825246
042491947
042241613
042239534
042882574
042278155
042237176
042335407
042244515
042122111
042208680
042642168
042640493
042235984
042449134
042648516
042447050
042497874
042442396
042357274
042498521
042499394
042333168
042345861
042392297
042425566
042387512
042337419
042243029
042332536
042430347
042246562
042448235
042420698
042340486
042580798
042241991
042325380
042232872
042491293
042274083
042235925
042829820
042821162
042396117
042279558
042583863
042249534
042650871
042441635
042273978
042646260
042827874
042828763
04234251
042826995
042584959
042338232
042583003
042827508
042827652
042582883
042827156
042441941
042854038
042216347
042829258
042202307
042496744
042405222
042496091
042423595
042427442
042449549
042642645
094296592
042432962
042425882
042432163
042880602
04432795
04274124
042440800
042110364
042240034
046012479
042881540
042642230
042882847
042213346
042273720
042236948
042216208
042880775
093594162
042434569
042880776
04212930
042337188
042390151
042602229
042498190
042824301
042823420
042829288
042645366
042610777
042643725
042887323
042493103
042210713
042278526
042217065
042438646
042438794
042491994
04306519
042424899
042580151
042341458
042392744
04280707
042330181
042433290
042432723
042433608
042829173
042498632
042334751
042429404
042231911
042645657
042823050
042242562
042241267
042238428
042424516
042420665
042425229
042242036
04272947
042828952
042611194
042212765
042824514
042646374
090777831
042398824
042519641
042583557
042210800
042212318
042246020
042243659
042334228
042340967
042295589
042382799
042642011
089727914
042442097
042430812
085357472
042232257
042232558
042431508
042824385
042219019
042388878
042210415
042431613
042828114
042327950
042346207
042200583
042531228
042823888
042217293
042556429
042275390
042244339
042216217
042279271
042447621
042445091
042235095
042422036
042342697
042640789
042853106
042850133
042850115
042853920
042853106
042330222
042511156
042511156
042242621
042239534
042140079
042140095
042297159
042140079
